
Hello world from core:thread 0:0!

Result of NTT function:
1291 53 170 2072 1204 1473 972 344 2474 2826 1913 1328 207 3308 2032 1126 652 1853 1640 493 377 2634 1552 1406 2509 483 3270 912 906 3062 93 691 1306 2172 2824 515 2604 1391 1289 3296 3166 2913 1957 2062 2495 822 1027 168 2510 2211 2062 445 1536 589 1045 1286 165 2948 638 2409 2628 2726 2681 1987 1401 63 47 2475 555 1508 1595 1353 1843 722 2410 1852 776 87 2773 3026 2318 3160 2749 1442 2034 1947 1131 3129 853 874 129 1840 491 2692 87 1908 1995 1526 2986 1887 3184 1327 1455 274 2819 636 2161 2927 1269 2622 35 697 1679 1603 2809 708 3268 2789 3024 2278 407 3132 1772 668 21 551 2927 1822 291 478 1234 3269 2244 2729 3238 3040 950 2455 1668 2012 1452 2069 501 683 867 981 1594 3293 1611 767 323 704 1456 432 2369 2029 1388 617 1580 2923 1956 2341 683 1397 3321 1413 537 12 383 2109 1167 1656 2022 2941 2641 1365 1595 1886 2695 811 1949 1380 3324 1326 887 3300 1084 2661 2532 560 237 3174 93 2943 1742 2460 555 1344 392 344 2409 766 2900 2800 670 1307 2675 958 220 2931 3045 2278 2130 2671 1310 2949 3297 2573 2784 1640 2433 2284 719 2997 1483 348 88 1345 1389 2554 3284 75 1426 482 3220 1944 2723 3004 823 1046 1221 2920 2867 1547 2229 2394 3303 1417 1906 936 2820 2351 2747 3203 3278 2245 

Hello world from core:thread 0:1!

Result of NTT function:
367 1164 2329 2251 1703 2669 648 2840 297 2253 2389 3152 1642 2046 1469 1183 2663 824 1967 2814 765 563 2241 2617 1222 2583 465 1864 3179 539 2824 2405 1757 44 574 380 702 682 2468 1185 3204 400 846 394 1767 1366 1636 2873 2176 2558 2450 2203 1995 1250 984 2205 975 2381 3035 934 2674 812 753 1056 1619 672 2938 1084 2792 990 2587 787 458 2473 1178 221 3075 1096 443 2276 694 1109 371 1126 2459 2208 2855 3119 688 447 2315 2666 2000 1155 2145 618 778 2221 1959 32 3121 2358 600 1932 124 2986 3242 3058 1511 3325 2288 1929 1770 888 1008 1020 1093 2479 263 1108 1736 792 1193 731 2047 915 1817 2339 2599 755 2367 686 702 2148 2651 1738 2120 3168 1528 3141 2234 2179 2077 3127 3051 1560 821 1923 2705 2370 72 1902 3235 2442 2637 221 2961 62 1725 2961 7 1242 3005 275 1971 809 736 872 960 2445 2451 51 361 2267 2680 709 2429 1520 2533 1178 2415 2474 3063 970 768 71 2431 2140 1166 796 1548 1441 2921 129 1420 17 2440 1993 2434 2847 1629 2894 1478 1101 789 2292 2873 1014 1447 1431 1494 1474 1816 1992 2317 105 1538 2591 1872 2168 1026 565 210 1833 1055 1025 3008 2571 606 1534 3276 3079 3239 225 2292 789 2695 1515 2552 64 2424 2894 261 2096 2241 930 3256 2722 1961 2094 476 1917 689 810 34 1710 
