------ MMU-0 TLB flushed due to context-table-pointer-write (=4000ec1) ------
------ MMU-0 TLB flushed due to context-table-pointer-write (=4000ec1) ------
[INFO]           :           Entered main_01

[INFO]         :           Pre-computed factors generated.
[INFO]           :           PWMF array:
17 3312 2761 568 583 
[INFO]           :           PSIS array
1, 1729, 2580, 3289, 2642, 
[INFO]           :           INV_PSIS array:
1 1600 40 749 2481 
[RESULT]              :           NTT Time: 3242621.000000 nan
[INFO]           :           Key gen exited!
[RESULT]              :           Key generation Time: 14688864.000000
[INFO]           :           Public Key and Secret Key generated!
[RESULT]           :            Private Key (scap):
1291 53 170 2072 1204 
367 1164 2329 2251 1703 


[RESULT]           :            Public Key (bcap):
778 423 3122 879 2252 
2690 1578 187 2388 1811 


---------------------------------------------------------------------------------
Original Message:
---------------------------------------------------------------------------------
0 0 0 0 0 0 0 0 0 0 0 0 0 0 0 0 0 0 0 0 0 0 0 0 0 0 0 0 0 0 0 0 0 0 0 0 0 0 0 0 0 0 0 0 0 0 0 0 0 0 0 0 0 0 0 0 0 0 0 0 0 0 0 0 1 1 1 1 1 1 1 1 1 1 1 1 1 1 1 1 1 1 1 1 1 1 1 1 1 1 1 1 1 1 1 1 1 1 1 1 1 1 1 1 1 1 1 1 1 1 1 1 1 1 1 1 1 1 1 1 1 1 1 1 1 1 0 0 0 0 0 0 0 0 0 0 0 0 0 0 0 0 0 0 0 0 0 0 0 0 0 0 0 0 0 0 0 0 0 0 0 0 0 0 0 0 0 0 0 0 0 0 0 0 0 0 0 0 0 0 0 0 0 0 0 0 0 0 1 1 1 1 1 1 1 1 1 1 1 1 1 1 1 1 1 1 1 1 1 1 1 1 1 1 1 1 1 1 1 1 1 1 1 1 1 1 1 1 1 1 1 1 1 1 1 1 1 1 1 1 1 1 1 1 1 1 1 1 1 0 0 0 0 0 0 0 

---------------------------------------------------------------------------------


---------------------------------------------------------------------------------
[INFO]             :             Encryption of the message started.
---------------------------------------------------------------------------------
[RESULT]           :           Encryption Time: 14394543.000000
[RESULT]           :           Encrypted Message u
3083 944 3045 203 1228 
2285 2604 888 1565 611 

[RESULT]           :           Encrypted Message v
2685 978 716 1137 1385 
---------------------------------------------------------------------------------

---------------------------------------------------------------------------------
[INFO]              :           Decryption of the message started.
---------------------------------------------------------------------------------
[RESULT]           :           Decryption Time: 9058349.000000 0.000000
[RESULT]           :           Decrypted Message.
0 0 0 0 0 0 0 0 0 0 0 0 0 0 0 0 0 0 0 0 0 0 0 0 0 0 0 0 0 0 0 0 0 0 0 0 0 0 0 0 0 0 0 0 0 0 0 0 0 0 0 0 0 0 0 0 0 0 0 0 0 0 0 0 1 1 1 1 1 1 1 1 1 1 1 1 1 1 1 1 1 1 1 1 1 1 1 1 1 1 1 1 1 1 1 1 1 1 1 1 1 1 1 1 1 1 1 1 1 1 1 1 1 1 1 1 1 1 1 1 1 1 1 1 1 1 0 0 0 0 0 0 0 0 0 0 0 0 0 0 0 0 0 0 0 0 0 0 0 0 0 0 0 0 0 0 0 0 0 0 0 0 0 0 0 0 0 0 0 0 0 0 0 0 0 0 0 0 0 0 0 0 0 0 0 0 0 0 1 1 1 1 1 1 1 1 1 1 1 1 1 1 1 1 1 1 1 1 1 1 1 1 1 1 1 1 1 1 1 1 1 1 1 1 1 1 1 1 1 1 1 1 1 1 1 1 1 1 1 1 1 1 1 1 1 1 1 1 1 0 0 0 0 0 0 0 
---------------------------------------------------------------------------------

 
 
---------------------------------------------------------------------------------
[RESULT]           :             Original and decoded messages match: true
---------------------------------------------------------------------------------
[INFO]              :           close the channel..
Thread 0 entered ERROR MODE at PC=0x40010800
