3125

[INFO]         :           Twiddle factors generated.
[INFO]           :           Public Key and Secret Key generated!

---------------------------------------------------------------------------------
Original Message:
---------------------------------------------------------------------------------
0 0 0 0 0 0 0 0 0 0 0 0 0 0 0 0 0 0 0 0 0 0 0 0 0 0 0 0 0 0 0 0 0 0 0 0 0 0 0 0 0 0 0 0 0 0 0 0 0 0 0 0 0 0 0 0 0 0 0 0 0 0 0 0 0 0 0 0 0 0 0 0 0 0 0 0 0 0 0 0 0 0 0 0 0 0 0 0 0 0 0 0 0 0 0 0 0 0 0 0 0 0 0 0 0 0 0 0 0 0 0 0 0 0 0 0 0 0 0 0 0 0 0 0 0 0 0 0 0 0 0 0 0 0 0 0 0 0 0 0 0 0 0 0 0 0 0 0 0 0 0 0 0 0 0 0 0 0 0 0 0 0 0 0 0 0 0 0 0 0 0 0 0 0 0 0 0 0 0 0 0 0 0 0 0 0 0 0 0 0 0 0 0 0 0 0 0 0 0 0 0 0 0 0 0 0 0 0 0 0 0 0 0 0 0 0 0 0 0 0 0 0 0 0 0 0 0 0 0 0 0 0 0 0 0 0 0 0 0 0 0 0 0 0 0 0 0 0 0 0 0 0 0 0 0 0 

---------------------------------------------------------------------------------


---------------------------------------------------------------------------------
[INFO]           :            Encryption of the message started.
---------------------------------------------------------------------------------

[INFO]     :     Compute the NTT of r!
---------------------------------------------------------------------------------
[INFO]           :           Encryption Done!!
---------------------------------------------------------------------------------

[RESULT]           :            Encrypted Message u
3083 944 3045 203 1228 1747 2875 2479 1832 1313 1256 1882 1858 386 1717 936 955 1624 1655 22 498 2097 3004 1679 2513 166 802 1710 2662 2608 1493 2724 3035 3328 2746 1349 1317 1919 2932 260 2427 1355 975 1361 1849 942 2884 1031 710 695 1838 2955 1187 593 54 468 2345 3107 757 472 2083 3190 1499 2066 1930 2705 2272 506 1477 2044 1272 1116 1114 2590 806 2496 1964 651 2304 1476 1894 690 2615 2827 1058 608 2208 1642 1370 104 911 2 727 384 1447 589 1085 3040 3187 3222 2864 2601 2996 1509 1729 1947 1030 1561 1343 1445 2528 2460 1139 2708 1739 370 635 1870 1921 757 3156 3019 1846 476 2631 3247 792 1348 1351 2873 2643 2837 651 2930 319 156 1900 1659 434 2075 3260 260 74 689 3317 312 343 2084 2008 2110 328 2440 2101 1918 2971 1404 766 2035 1949 3323 2874 138 1323 1930 885 1816 758 735 989 3290 3019 2015 1650 2932 2356 230 2857 1242 2407 282 265 2465 998 2684 1106 1304 1269 1578 267 1979 406 3323 2287 2396 184 453 2853 2205 1551 2109 2060 2833 3037 2927 1224 1026 3048 2417 2192 251 499 434 2832 952 851 2195 2322 1411 1832 1542 2722 2928 961 2270 2710 2251 136 2716 3293 2546 2991 409 1241 1194 534 370 2505 1114 2770 1343 2553 817 1537 2786 2209 2584 385 1482 715 1589 1042 1343 1531 1100 2946 1269 
2285 2604 888 1565 611 123 1137 430 307 2634 2579 2227 1934 588 1982 139 2388 2461 2350 1356 2285 1351 806 2851 1795 3166 1247 2743 1891 540 2709 1491 1124 53 2297 3252 700 2539 877 772 1048 3150 3047 1302 235 2966 3159 2262 1659 3276 2109 4 335 651 1470 1532 16 449 1814 1108 3003 748 2865 2552 1326 2245 1795 1283 3155 540 1054 582 3163 747 1672 1729 1970 1749 816 1616 413 415 2992 1440 2065 890 251 612 2721 1373 1040 2876 2468 3227 2508 1031 798 2669 2170 3094 737 991 1754 2981 1680 2407 1475 327 1429 1474 853 2143 177 1051 1598 1405 3247 1741 2312 1837 1667 89 778 1028 2128 2394 1478 925 1499 2570 1001 698 1070 1742 2861 2572 2078 2451 214 993 414 1692 2174 2070 2923 2625 555 273 151 1643 2649 3042 2688 825 1642 2410 2160 497 2793 1326 870 3109 557 2043 2694 2695 645 2247 1261 1960 1828 2637 2063 2026 3034 3152 605 1344 998 698 2756 517 2855 3217 3320 455 1696 2667 1149 46 2422 2229 2884 2091 70 432 2999 1418 1660 1913 18 1276 2153 1871 2993 1695 878 2641 465 2522 663 478 2358 3309 2747 2877 863 1423 2061 2697 1651 883 1564 2780 3208 1234 901 2220 825 1583 480 857 1306 3249 1552 1579 2058 951 3226 2668 321 1816 2182 2574 420 301 138 2779 2545 775 3080 2337 3316 448 2759 1596 

[RESULT]           :            Encrypted Message v
2685 978 716 1137 1385 1482 1470 334 3042 532 2943 2250 2739 32 1126 977 2309 2242 630 1355 1308 1853 2261 897 1591 382 1423 390 1448 2619 2839 68 1201 110 1486 2261 1578 1830 3291 1628 1735 3069 1284 225 1959 1498 3171 2465 491 692 2362 2876 674 1933 2597 544 3255 1962 2598 1130 3027 2996 451 2464 913 975 2715 3070 1706 2290 884 169 812 1310 2603 24 1839 1291 1136 969 3241 74 2653 1633 1808 1700 1165 1981 3057 3089 1233 2761 2256 2956 2990 276 699 2706 2689 845 1609 2667 849 2199 2426 2417 3250 1600 334 2176 690 1962 2088 473 3044 1163 980 303 1218 663 642 3151 523 3217 2190 2610 1661 2997 1072 353 963 1837 320 1746 1616 781 1963 1336 3187 1986 861 117 2898 44 86 1488 1612 1200 1730 2570 1541 3229 2016 2843 330 209 2977 3047 2483 785 1306 2421 1166 499 2552 2464 2509 805 2759 1502 17 2720 1267 3003 2583 337 627 117 1510 2867 2114 2584 2253 3320 2526 2289 1553 1489 3279 2544 964 2396 863 3288 2347 578 546 1205 2921 2411 1440 861 338 2743 105 2014 438 2213 678 748 710 540 2919 316 3107 1399 1320 2217 2786 2648 907 3204 496 316 2123 2536 1389 2514 2235 973 2438 3059 2640 1430 1074 1094 1759 594 2213 1419 1709 2775 1351 930 1870 2052 545 1556 1269 2060 3163 1154 2753 2168 1910 1033 
---------------------------------------------------------------------------------

---------------------------------------------------------------------------------
[INFO]           :            Decryption of the message started.
---------------------------------------------------------------------------------
[RESULT]           :            Decrypted Message.
0 0 0 0 0 0 0 0 0 0 0 0 0 0 0 0 0 0 0 0 0 0 0 0 0 0 0 0 0 0 0 0 0 0 0 0 0 0 0 0 0 0 0 0 0 0 0 0 0 0 0 0 0 0 0 0 0 0 0 0 0 0 0 0 0 0 0 0 0 0 0 0 0 0 0 0 0 0 0 0 0 0 0 0 0 0 0 0 0 0 0 0 0 0 0 0 0 0 0 0 0 0 0 0 0 0 0 0 0 0 0 0 0 0 0 0 0 0 0 0 0 0 0 0 0 0 0 0 0 0 0 0 0 0 0 0 0 0 0 0 0 0 0 0 0 0 0 0 0 0 0 0 0 0 0 0 0 0 0 0 0 0 0 0 0 0 0 0 0 0 0 0 0 0 0 0 0 0 0 0 0 0 0 0 0 0 0 0 0 0 0 0 0 0 0 0 0 0 0 0 0 0 0 0 0 0 0 0 0 0 0 0 0 0 0 0 0 0 0 0 0 0 0 0 0 0 0 0 0 0 0 0 0 0 0 0 0 0 0 0 0 0 0 0 0 0 0 0 0 0 0 0 0 0 0 0 
---------------------------------------------------------------------------------

 
 
---------------------------------------------------------------------------------
[RESULT]           :            Original and decoded messages match: true
---------------------------------------------------------------------------------
